hessian
  0.000721793   0.000797908  1.51616e-005   0.000233842 -1.58342e-005   0.000162691  6.77691e-006   0.000132713   0.000189792  -0.000505482   0.000263505            -0   0.000215926            -0   0.000158969  -0.000314102  -0.000604811   0.000242918            -0   0.000189184            -0   0.000145524  -0.000628203            -0   0.000242918            -0   0.000189184            -0   0.000145524  -0.000287154   0.000544036   0.000256568            -0   0.000199266            -0   0.000145524   0.000241765   0.000551082    0.00024803 -7.67367e-006   0.000207304  1.56612e-005   0.000158969   0.000722856
  0.000797908    0.00088205  1.67604e-005   0.000258501 -1.75039e-005   0.000179847  7.49156e-006   0.000146709   0.000209806  -0.000558787   0.000291293            -0   0.000238696            -0   0.000175733  -0.000347225   -0.00066859   0.000268535            -0   0.000209134            -0    0.00016087  -0.000694449            -0   0.000268535            -0   0.000209134            -0    0.00016087  -0.000317435   0.000601407   0.000283624            -0   0.000220279            -0    0.00016087    0.00026726   0.000609196   0.000274185 -8.48288e-006   0.000229165  1.73127e-005   0.000175733   0.000799083
 1.51616e-005  1.67604e-005  3.18476e-007  4.91196e-006 -3.32604e-007  3.41739e-006  1.42352e-007  2.78771e-006  3.98667e-006 -1.06179e-005  5.53505e-006            -0  4.53563e-006            -0  3.33922e-006 -6.59785e-006 -1.27043e-005  5.10261e-006            -0  3.97389e-006            -0   3.0568e-006 -1.31957e-005            -0  5.10261e-006            -0  3.97389e-006            -0   3.0568e-006  -6.0318e-006  1.14277e-005  5.38934e-006            -0  4.18567e-006            -0   3.0568e-006  5.07839e-006  1.15757e-005  5.20998e-006 -1.61189e-007  4.35452e-006  3.28971e-007  3.33922e-006  1.51839e-005
  0.000233842   0.000258501  4.91196e-006  7.57587e-005 -5.12985e-006  5.27076e-005  2.19554e-006  4.29957e-005  6.14877e-005  -0.000163763  8.53689e-005            -0  6.99544e-005            -0  5.15019e-005  -0.000101761  -0.000195943  7.86992e-005            -0  6.12905e-005            -0  4.71461e-005  -0.000203521            -0  7.86992e-005            -0  6.12905e-005            -0  4.71461e-005 -9.30304e-005   0.000176254  8.31214e-005            -0  6.45569e-005            -0  4.71461e-005  7.83257e-005   0.000178536  8.03552e-005 -2.48607e-006  6.71612e-005  5.07382e-006  5.15019e-005   0.000234186
-1.58342e-005 -1.75039e-005 -3.32604e-007 -5.12985e-006  3.47358e-007 -3.56899e-006 -1.48667e-007 -2.91137e-006 -4.16352e-006  1.10889e-005 -5.78059e-006             0 -4.73683e-006             0 -3.48735e-006  6.89053e-006  1.32679e-005 -5.32896e-006             0 -4.15017e-006             0  -3.1924e-006  1.37811e-005             0 -5.32896e-006             0 -4.15017e-006             0  -3.1924e-006  6.29937e-006 -1.19347e-005 -5.62841e-006             0 -4.37134e-006             0  -3.1924e-006 -5.30367e-006 -1.20892e-005  -5.4411e-006  1.68339e-007 -4.54769e-006 -3.43564e-007 -3.48735e-006 -1.58575e-005
  0.000162691   0.000179847  3.41739e-006  5.27076e-005 -3.56899e-006  3.66702e-005   1.5275e-006  2.99134e-005  4.27788e-005  -0.000113935  5.93936e-005            -0  4.86694e-005            -0  3.58314e-005  -7.0798e-005  -0.000136323  5.47534e-005            -0  4.26416e-005            -0  3.28009e-005  -0.000141596            -0  5.47534e-005            -0  4.26416e-005            -0  3.28009e-005  -6.4724e-005   0.000122625    5.783e-005            -0  4.49141e-005            -0  3.28009e-005  5.44935e-005   0.000124213  5.59055e-005 -1.72963e-006   4.6726e-005  3.53001e-006  3.58314e-005    0.00016293
 6.77691e-006  7.49156e-006  1.42352e-007  2.19554e-006 -1.48667e-007   1.5275e-006  6.36285e-008  1.24605e-006  1.78196e-006 -4.74597e-006  2.47405e-006            -0  2.02733e-006            -0  1.49256e-006  -2.9491e-006 -5.67857e-006  2.28076e-006            -0  1.77624e-006            -0  1.36633e-006  -5.8982e-006            -0  2.28076e-006            -0  1.77624e-006            -0  1.36633e-006 -2.69609e-006  5.10796e-006  2.40892e-006            -0  1.87091e-006            -0  1.36633e-006  2.26994e-006  5.17411e-006  2.32875e-006 -7.20481e-008  1.94638e-006  1.47043e-007  1.49256e-006   6.7869e-006
  0.000132713   0.000146709  2.78771e-006  4.29957e-005 -2.91137e-006  2.99134e-005  1.24605e-006  2.44016e-005  3.48964e-005 -9.29413e-005  4.84498e-005            -0  3.97016e-005            -0  2.92291e-005 -5.77528e-005  -0.000111204  4.46646e-005            -0  3.47845e-005            -0   2.6757e-005  -0.000115506            -0  4.46646e-005            -0  3.47845e-005            -0   2.6757e-005  -5.2798e-005    0.00010003  4.71743e-005            -0  3.66383e-005            -0   2.6757e-005  4.44526e-005   0.000101326  4.56044e-005 -1.41093e-006  3.81163e-005  2.87957e-006  2.92291e-005   0.000132909
  0.000189792   0.000209806  3.98667e-006  6.14877e-005 -4.16352e-006  4.27788e-005  1.78196e-006  3.48964e-005  4.99049e-005  -0.000132914  6.92875e-005            -0  5.67768e-005            -0  4.18002e-005 -8.25916e-005  -0.000159032  6.38743e-005            -0  4.97449e-005            -0  3.82649e-005  -0.000165183            -0  6.38743e-005            -0  4.97449e-005            -0  3.82649e-005 -7.55058e-005   0.000143052  6.74635e-005            -0   5.2396e-005            -0  3.82649e-005  6.35711e-005   0.000144905  6.52183e-005 -2.01776e-006  5.45097e-005  4.11804e-006  4.18002e-005   0.000190072
 -0.000505482  -0.000558787 -1.06179e-005  -0.000163763  1.10889e-005  -0.000113935 -4.74597e-006 -9.29413e-005  -0.000132914   0.000353997  -0.000184537             0  -0.000151216             0  -0.000111329    0.00021997   0.000423558  -0.000170119             0  -0.000132488             0  -0.000101913    0.00043994             0  -0.000170119             0  -0.000132488             0  -0.000101913   0.000201098  -0.000380997  -0.000179679             0  -0.000139549             0  -0.000101913  -0.000169312  -0.000385931  -0.000173699  5.37399e-006  -0.000145178 -1.09678e-005  -0.000111329  -0.000506227
  0.000263505   0.000291293  5.53505e-006  8.53689e-005 -5.78059e-006  5.93936e-005  2.47405e-006  4.84498e-005  6.92875e-005  -0.000184537  9.61981e-005            -0  7.88283e-005            -0   5.8035e-005  -0.000114669  -0.000220799  8.86824e-005            -0  6.90654e-005            -0  5.31267e-005  -0.000229339            -0  8.86824e-005            -0  6.90654e-005            -0  5.31267e-005  -0.000104832   0.000198612  9.36656e-005            -0   7.2746e-005            -0  5.31267e-005  8.82615e-005   0.000201184  9.05485e-005 -2.80143e-006  7.56808e-005  5.71745e-006   5.8035e-005   0.000263894
           -0            -0            -0            -0             0            -0            -0            -0            -0             0            -0             0            -0             0            -0             0             0            -0             0            -0             0            -0             0             0            -0             0            -0             0            -0             0            -0            -0             0            -0             0            -0            -0            -0            -0             0            -0            -0            -0            -0
  0.000215926   0.000238696  4.53563e-006  6.99544e-005 -4.73683e-006  4.86694e-005  2.02733e-006  3.97016e-005  5.67768e-005  -0.000151216  7.88283e-005            -0  6.45948e-005            -0   4.7556e-005 -9.39643e-005  -0.000180931  7.26697e-005            -0  5.65947e-005            -0   4.3534e-005  -0.000187929            -0  7.26697e-005            -0  5.65947e-005            -0   4.3534e-005 -8.59029e-005    0.00016275  7.67531e-005            -0  5.96108e-005            -0   4.3534e-005  7.23247e-005   0.000164858  7.41988e-005  -2.2956e-006  6.20156e-005  4.68509e-006   4.7556e-005   0.000216244
           -0            -0            -0            -0             0            -0            -0            -0            -0             0            -0             0            -0             0            -0             0             0            -0             0            -0             0            -0             0             0            -0             0            -0             0            -0             0            -0            -0             0            -0             0            -0            -0            -0            -0             0            -0            -0            -0            -0
  0.000158969   0.000175733  3.33922e-006  5.15019e-005 -3.48735e-006  3.58314e-005  1.49256e-006  2.92291e-005  4.18002e-005  -0.000111329   5.8035e-005            -0   4.7556e-005            -0  3.50117e-005 -6.91785e-005  -0.000133205  5.35009e-005            -0  4.16662e-005            -0  3.20506e-005  -0.000138357            -0  5.35009e-005            -0  4.16662e-005            -0  3.20506e-005 -6.32435e-005    0.00011982  5.65072e-005            -0  4.38867e-005            -0  3.20506e-005   5.3247e-005   0.000121372  5.46267e-005 -1.69007e-006  4.56572e-005  3.44926e-006  3.50117e-005   0.000159203
 -0.000314102  -0.000347225 -6.59785e-006  -0.000101761  6.89053e-006  -7.0798e-005  -2.9491e-006 -5.77528e-005 -8.25916e-005    0.00021997  -0.000114669             0 -9.39643e-005             0 -6.91785e-005   0.000136687   0.000263195  -0.000105711             0 -8.23268e-005             0 -6.33276e-005   0.000273374             0  -0.000105711             0 -8.23268e-005             0 -6.33276e-005   0.000124961  -0.000236748  -0.000111651             0 -8.67142e-005             0 -6.33276e-005  -0.000105209  -0.000239814  -0.000107935  3.33934e-006 -9.02124e-005 -6.81527e-006 -6.91785e-005  -0.000314564
 -0.000604811   -0.00066859 -1.27043e-005  -0.000195943  1.32679e-005  -0.000136323 -5.67857e-006  -0.000111204  -0.000159032   0.000423558  -0.000220799             0  -0.000180931             0  -0.000133205   0.000263195   0.000506788  -0.000203548             0  -0.000158522             0  -0.000121939    0.00052639             0  -0.000203548             0  -0.000158522             0  -0.000121939   0.000240615  -0.000455864  -0.000214986             0   -0.00016697             0  -0.000121939  -0.000202582  -0.000461768  -0.000207831  6.42999e-006  -0.000173706  -1.3123e-005  -0.000133205  -0.000605702
  0.000242918   0.000268535  5.10261e-006  7.86992e-005 -5.32896e-006  5.47534e-005  2.28076e-006  4.46646e-005  6.38743e-005  -0.000170119  8.86824e-005            -0  7.26697e-005            -0  5.35009e-005  -0.000105711  -0.000203548  8.17539e-005            -0  6.36695e-005            -0   4.8976e-005  -0.000211421            -0  8.17539e-005            -0  6.36695e-005            -0   4.8976e-005 -9.66414e-005   0.000183095  8.63478e-005            -0  6.70626e-005            -0   4.8976e-005  8.13659e-005   0.000185466  8.34742e-005 -2.58256e-006   6.9768e-005  5.27076e-006  5.35009e-005   0.000243276
           -0            -0            -0            -0             0            -0            -0            -0            -0             0            -0             0            -0             0            -0             0             0            -0             0            -0             0            -0             0             0            -0             0            -0             0            -0             0            -0            -0             0            -0             0            -0            -0            -0            -0             0            -0            -0            -0            -0
  0.000189184   0.000209134  3.97389e-006  6.12905e-005 -4.15017e-006  4.26416e-005  1.77624e-006  3.47845e-005  4.97449e-005  -0.000132488  6.90654e-005            -0  5.65947e-005            -0  4.16662e-005 -8.23268e-005  -0.000158522  6.36695e-005            -0  4.95854e-005            -0  3.81423e-005  -0.000164654            -0  6.36695e-005            -0  4.95854e-005            -0  3.81423e-005 -7.52638e-005   0.000142593  6.72472e-005            -0   5.2228e-005            -0  3.81423e-005  6.33673e-005    0.00014444  6.50092e-005 -2.01129e-006   5.4335e-005  4.10484e-006  4.16662e-005   0.000189462
           -0            -0            -0            -0             0            -0            -0            -0            -0             0            -0             0            -0             0            -0             0             0            -0             0            -0             0            -0             0             0            -0             0            -0             0            -0             0            -0            -0             0            -0             0            -0            -0            -0            -0             0            -0            -0            -0            -0
  0.000145524    0.00016087   3.0568e-006  4.71461e-005  -3.1924e-006  3.28009e-005  1.36633e-006   2.6757e-005  3.82649e-005  -0.000101913  5.31267e-005            -0   4.3534e-005            -0  3.20506e-005 -6.33276e-005  -0.000121939   4.8976e-005            -0  3.81423e-005            -0  2.93399e-005  -0.000126655            -0   4.8976e-005            -0  3.81423e-005            -0  2.93399e-005 -5.78946e-005   0.000109686  5.17281e-005            -0   4.0175e-005            -0  2.93399e-005  4.87436e-005   0.000111107  5.00066e-005 -1.54713e-006  4.17957e-005  3.15754e-006  3.20506e-005   0.000145739
 -0.000628203  -0.000694449 -1.31957e-005  -0.000203521  1.37811e-005  -0.000141596  -5.8982e-006  -0.000115506  -0.000165183    0.00043994  -0.000229339             0  -0.000187929             0  -0.000138357   0.000273374    0.00052639  -0.000211421             0  -0.000164654             0  -0.000126655   0.000546749             0  -0.000211421             0  -0.000164654             0  -0.000126655   0.000249921  -0.000473495  -0.000223301             0  -0.000173428             0  -0.000126655  -0.000210418  -0.000479628   -0.00021587  6.67868e-006  -0.000180425 -1.36305e-005  -0.000138357  -0.000629129
           -0            -0            -0            -0             0            -0            -0            -0            -0             0            -0             0            -0             0            -0             0             0            -0             0            -0             0            -0             0             0            -0             0            -0             0            -0             0            -0            -0             0            -0             0            -0            -0            -0            -0             0            -0            -0            -0            -0
  0.000242918   0.000268535  5.10261e-006  7.86992e-005 -5.32896e-006  5.47534e-005  2.28076e-006  4.46646e-005  6.38743e-005  -0.000170119  8.86824e-005            -0  7.26697e-005            -0  5.35009e-005  -0.000105711  -0.000203548  8.17539e-005            -0  6.36695e-005            -0   4.8976e-005  -0.000211421            -0  8.17539e-005            -0  6.36695e-005            -0   4.8976e-005 -9.66414e-005   0.000183095  8.63478e-005            -0  6.70626e-005            -0   4.8976e-005  8.13659e-005   0.000185466  8.34742e-005 -2.58256e-006   6.9768e-005  5.27076e-006  5.35009e-005   0.000243276
           -0            -0            -0            -0             0            -0            -0            -0            -0             0            -0             0            -0             0            -0             0             0            -0             0            -0             0            -0             0             0            -0             0            -0             0            -0             0            -0            -0             0            -0             0            -0            -0            -0            -0             0            -0            -0            -0            -0
  0.000189184   0.000209134  3.97389e-006  6.12905e-005 -4.15017e-006  4.26416e-005  1.77624e-006  3.47845e-005  4.97449e-005  -0.000132488  6.90654e-005            -0  5.65947e-005            -0  4.16662e-005 -8.23268e-005  -0.000158522  6.36695e-005            -0  4.95854e-005            -0  3.81423e-005  -0.000164654            -0  6.36695e-005            -0  4.95854e-005            -0  3.81423e-005 -7.52638e-005   0.000142593  6.72472e-005            -0   5.2228e-005            -0  3.81423e-005  6.33673e-005    0.00014444  6.50092e-005 -2.01129e-006   5.4335e-005  4.10484e-006  4.16662e-005   0.000189462
           -0            -0            -0            -0             0            -0            -0            -0            -0             0            -0             0            -0             0            -0             0             0            -0             0            -0             0            -0             0             0            -0             0            -0             0            -0             0            -0            -0             0            -0             0            -0            -0            -0            -0             0            -0            -0            -0            -0
  0.000145524    0.00016087   3.0568e-006  4.71461e-005  -3.1924e-006  3.28009e-005  1.36633e-006   2.6757e-005  3.82649e-005  -0.000101913  5.31267e-005            -0   4.3534e-005            -0  3.20506e-005 -6.33276e-005  -0.000121939   4.8976e-005            -0  3.81423e-005            -0  2.93399e-005  -0.000126655            -0   4.8976e-005            -0  3.81423e-005            -0  2.93399e-005 -5.78946e-005   0.000109686  5.17281e-005            -0   4.0175e-005            -0  2.93399e-005  4.87436e-005   0.000111107  5.00066e-005 -1.54713e-006  4.17957e-005  3.15754e-006  3.20506e-005   0.000145739
 -0.000287154  -0.000317435  -6.0318e-006 -9.30304e-005  6.29937e-006  -6.4724e-005 -2.69609e-006  -5.2798e-005 -7.55058e-005   0.000201098  -0.000104832             0 -8.59029e-005             0 -6.32435e-005   0.000124961   0.000240615 -9.66414e-005             0 -7.52638e-005             0 -5.78946e-005   0.000249921             0 -9.66414e-005             0 -7.52638e-005             0 -5.78946e-005    0.00011424  -0.000216437  -0.000102072             0 -7.92748e-005             0 -5.78946e-005 -9.61827e-005   -0.00021924 -9.86749e-005  3.05285e-006 -8.24729e-005 -6.23057e-006 -6.32435e-005  -0.000287577
  0.000544036   0.000601407  1.14277e-005   0.000176254 -1.19347e-005   0.000122625  5.10796e-006    0.00010003   0.000143052  -0.000380997   0.000198612            -0    0.00016275            -0    0.00011982  -0.000236748  -0.000455864   0.000183095            -0   0.000142593            -0   0.000109686  -0.000473495            -0   0.000183095            -0   0.000142593            -0   0.000109686  -0.000216437   0.000410056   0.000193383            -0   0.000150192            -0   0.000109686   0.000182226   0.000415367   0.000186947 -5.78387e-006   0.000156251  1.18043e-005    0.00011982   0.000544838
  0.000256568   0.000283624  5.38934e-006  8.31214e-005 -5.62841e-006    5.783e-005  2.40892e-006  4.71743e-005  6.74635e-005  -0.000179679  9.36656e-005            -0  7.67531e-005            -0  5.65072e-005  -0.000111651  -0.000214986  8.63478e-005            -0  6.72472e-005            -0  5.17281e-005  -0.000223301            -0  8.63478e-005            -0  6.72472e-005            -0  5.17281e-005  -0.000102072   0.000193383  9.11998e-005            -0  7.08309e-005            -0  5.17281e-005  8.59379e-005   0.000195888  8.81647e-005 -2.72768e-006  7.36884e-005  5.56693e-006  5.65072e-005   0.000256946
           -0            -0            -0            -0             0            -0            -0            -0            -0             0            -0             0            -0             0            -0             0             0            -0             0            -0             0            -0             0             0            -0             0            -0             0            -0             0            -0            -0             0            -0             0            -0            -0            -0            -0             0            -0            -0            -0            -0
  0.000199266   0.000220279  4.18567e-006  6.45569e-005 -4.37134e-006  4.49141e-005  1.87091e-006  3.66383e-005   5.2396e-005  -0.000139549   7.2746e-005            -0  5.96108e-005            -0  4.38867e-005 -8.67142e-005   -0.00016697  6.70626e-005            -0   5.2228e-005            -0   4.0175e-005  -0.000173428            -0  6.70626e-005            -0   5.2228e-005            -0   4.0175e-005 -7.92748e-005   0.000150192  7.08309e-005            -0  5.50113e-005            -0   4.0175e-005  6.67443e-005   0.000152138  6.84737e-005 -2.11847e-006  5.72306e-005   4.3236e-006  4.38867e-005   0.000199559
           -0            -0            -0            -0             0            -0            -0            -0            -0             0            -0             0            -0             0            -0             0             0            -0             0            -0             0            -0             0             0            -0             0            -0             0            -0             0            -0            -0             0            -0             0            -0            -0            -0            -0             0            -0            -0            -0            -0
  0.000145524    0.00016087   3.0568e-006  4.71461e-005  -3.1924e-006  3.28009e-005  1.36633e-006   2.6757e-005  3.82649e-005  -0.000101913  5.31267e-005            -0   4.3534e-005            -0  3.20506e-005 -6.33276e-005  -0.000121939   4.8976e-005            -0  3.81423e-005            -0  2.93399e-005  -0.000126655            -0   4.8976e-005            -0  3.81423e-005            -0  2.93399e-005 -5.78946e-005   0.000109686  5.17281e-005            -0   4.0175e-005            -0  2.93399e-005  4.87436e-005   0.000111107  5.00066e-005 -1.54713e-006  4.17957e-005  3.15754e-006  3.20506e-005   0.000145739
  0.000241765    0.00026726  5.07839e-006  7.83257e-005 -5.30367e-006  5.44935e-005  2.26994e-006  4.44526e-005  6.35711e-005  -0.000169312  8.82615e-005            -0  7.23247e-005            -0   5.3247e-005  -0.000105209  -0.000202582  8.13659e-005            -0  6.33673e-005            -0  4.87436e-005  -0.000210418            -0  8.13659e-005            -0  6.33673e-005            -0  4.87436e-005 -9.61827e-005   0.000182226  8.59379e-005            -0  6.67443e-005            -0  4.87436e-005  8.09797e-005   0.000184586   8.3078e-005 -2.57031e-006  6.94369e-005  5.24574e-006   5.3247e-005   0.000242122
  0.000551082   0.000609196  1.15757e-005   0.000178536 -1.20892e-005   0.000124213  5.17411e-006   0.000101326   0.000144905  -0.000385931   0.000201184            -0   0.000164858            -0   0.000121372  -0.000239814  -0.000461768   0.000185466            -0    0.00014444            -0   0.000111107  -0.000479628            -0   0.000185466            -0    0.00014444            -0   0.000111107   -0.00021924   0.000415367   0.000195888            -0   0.000152138            -0   0.000111107   0.000184586   0.000420746   0.000189369 -5.85878e-006   0.000158275  1.19572e-005   0.000121372   0.000551894
   0.00024803   0.000274185  5.20998e-006  8.03552e-005  -5.4411e-006  5.59055e-005  2.32875e-006  4.56044e-005  6.52183e-005  -0.000173699  9.05485e-005            -0  7.41988e-005            -0  5.46267e-005  -0.000107935  -0.000207831  8.34742e-005            -0  6.50092e-005            -0  5.00066e-005   -0.00021587            -0  8.34742e-005            -0  6.50092e-005            -0  5.00066e-005 -9.86749e-005   0.000186947  8.81647e-005            -0  6.84737e-005            -0  5.00066e-005   8.3078e-005   0.000189369  8.52306e-005 -2.63691e-006  7.12361e-005  5.38167e-006  5.46267e-005   0.000248395
-7.67367e-006 -8.48288e-006 -1.61189e-007 -2.48607e-006  1.68339e-007 -1.72963e-006 -7.20481e-008 -1.41093e-006 -2.01776e-006  5.37399e-006 -2.80143e-006             0  -2.2956e-006             0 -1.69007e-006  3.33934e-006  6.42999e-006 -2.58256e-006             0 -2.01129e-006             0 -1.54713e-006  6.67868e-006             0 -2.58256e-006             0 -2.01129e-006             0 -1.54713e-006  3.05285e-006 -5.78387e-006 -2.72768e-006             0 -2.11847e-006             0 -1.54713e-006 -2.57031e-006 -5.85878e-006 -2.63691e-006  8.15819e-008 -2.20394e-006 -1.66501e-007 -1.69007e-006 -7.68497e-006
  0.000207304   0.000229165  4.35452e-006  6.71612e-005 -4.54769e-006   4.6726e-005  1.94638e-006  3.81163e-005  5.45097e-005  -0.000145178  7.56808e-005            -0  6.20156e-005            -0  4.56572e-005 -9.02124e-005  -0.000173706   6.9768e-005            -0   5.4335e-005            -0  4.17957e-005  -0.000180425            -0   6.9768e-005            -0   5.4335e-005            -0  4.17957e-005 -8.24729e-005   0.000156251  7.36884e-005            -0  5.72306e-005            -0  4.17957e-005  6.94369e-005   0.000158275  7.12361e-005 -2.20394e-006  5.95394e-005  4.49802e-006  4.56572e-005    0.00020761
 1.56612e-005  1.73127e-005  3.28971e-007  5.07382e-006 -3.43564e-007  3.53001e-006  1.47043e-007  2.87957e-006  4.11804e-006 -1.09678e-005  5.71745e-006            -0  4.68509e-006            -0  3.44926e-006 -6.81527e-006  -1.3123e-005  5.27076e-006            -0  4.10484e-006            -0  3.15754e-006 -1.36305e-005            -0  5.27076e-006            -0  4.10484e-006            -0  3.15754e-006 -6.23057e-006  1.18043e-005  5.56693e-006            -0   4.3236e-006            -0  3.15754e-006  5.24574e-006  1.19572e-005  5.38167e-006 -1.66501e-007  4.49802e-006  3.39811e-007  3.44926e-006  1.56843e-005
  0.000158969   0.000175733  3.33922e-006  5.15019e-005 -3.48735e-006  3.58314e-005  1.49256e-006  2.92291e-005  4.18002e-005  -0.000111329   5.8035e-005            -0   4.7556e-005            -0  3.50117e-005 -6.91785e-005  -0.000133205  5.35009e-005            -0  4.16662e-005            -0  3.20506e-005  -0.000138357            -0  5.35009e-005            -0  4.16662e-005            -0  3.20506e-005 -6.32435e-005    0.00011982  5.65072e-005            -0  4.38867e-005            -0  3.20506e-005   5.3247e-005   0.000121372  5.46267e-005 -1.69007e-006  4.56572e-005  3.44926e-006  3.50117e-005   0.000159203
  0.000722856   0.000799083  1.51839e-005   0.000234186 -1.58575e-005    0.00016293   6.7869e-006   0.000132909   0.000190072  -0.000506227   0.000263894            -0   0.000216244            -0   0.000159203  -0.000314564  -0.000605702   0.000243276            -0   0.000189462            -0   0.000145739  -0.000629129            -0   0.000243276            -0   0.000189462            -0   0.000145739  -0.000287577   0.000544838   0.000256946            -0   0.000199559            -0   0.000145739   0.000242122   0.000551894   0.000248395 -7.68497e-006    0.00020761  1.56843e-005   0.000159203   0.000723921

A
  0.000721865   0.000797908  1.51616e-005   0.000233842 -1.58342e-005   0.000162691  6.77691e-006   0.000132713   0.000189792  -0.000505482   0.000263505            -0   0.000215926            -0   0.000158969  -0.000314102  -0.000604811   0.000242918            -0   0.000189184            -0   0.000145524  -0.000628203            -0   0.000242918            -0   0.000189184            -0   0.000145524  -0.000287154   0.000544036   0.000256568            -0   0.000199266            -0   0.000145524   0.000241765   0.000551082    0.00024803 -7.67367e-006   0.000207304  1.56612e-005   0.000158969   0.000722856
  0.000797908   0.000882138  1.67604e-005   0.000258501 -1.75039e-005   0.000179847  7.49156e-006   0.000146709   0.000209806  -0.000558787   0.000291293            -0   0.000238696            -0   0.000175733  -0.000347225   -0.00066859   0.000268535            -0   0.000209134            -0    0.00016087  -0.000694449            -0   0.000268535            -0   0.000209134            -0    0.00016087  -0.000317435   0.000601407   0.000283624            -0   0.000220279            -0    0.00016087    0.00026726   0.000609196   0.000274185 -8.48288e-006   0.000229165  1.73127e-005   0.000175733   0.000799083
 1.51616e-005  1.67604e-005  3.18508e-007  4.91196e-006 -3.32604e-007  3.41739e-006  1.42352e-007  2.78771e-006  3.98667e-006 -1.06179e-005  5.53505e-006            -0  4.53563e-006            -0  3.33922e-006 -6.59785e-006 -1.27043e-005  5.10261e-006            -0  3.97389e-006            -0   3.0568e-006 -1.31957e-005            -0  5.10261e-006            -0  3.97389e-006            -0   3.0568e-006  -6.0318e-006  1.14277e-005  5.38934e-006            -0  4.18567e-006            -0   3.0568e-006  5.07839e-006  1.15757e-005  5.20998e-006 -1.61189e-007  4.35452e-006  3.28971e-007  3.33922e-006  1.51839e-005
  0.000233842   0.000258501  4.91196e-006  7.57663e-005 -5.12985e-006  5.27076e-005  2.19554e-006  4.29957e-005  6.14877e-005  -0.000163763  8.53689e-005            -0  6.99544e-005            -0  5.15019e-005  -0.000101761  -0.000195943  7.86992e-005            -0  6.12905e-005            -0  4.71461e-005  -0.000203521            -0  7.86992e-005            -0  6.12905e-005            -0  4.71461e-005 -9.30304e-005   0.000176254  8.31214e-005            -0  6.45569e-005            -0  4.71461e-005  7.83257e-005   0.000178536  8.03552e-005 -2.48607e-006  6.71612e-005  5.07382e-006  5.15019e-005   0.000234186
-1.58342e-005 -1.75039e-005 -3.32604e-007 -5.12985e-006  3.47393e-007 -3.56899e-006 -1.48667e-007 -2.91137e-006 -4.16352e-006  1.10889e-005 -5.78059e-006             0 -4.73683e-006             0 -3.48735e-006  6.89053e-006  1.32679e-005 -5.32896e-006             0 -4.15017e-006             0  -3.1924e-006  1.37811e-005             0 -5.32896e-006             0 -4.15017e-006             0  -3.1924e-006  6.29937e-006 -1.19347e-005 -5.62841e-006             0 -4.37134e-006             0  -3.1924e-006 -5.30367e-006 -1.20892e-005  -5.4411e-006  1.68339e-007 -4.54769e-006 -3.43564e-007 -3.48735e-006 -1.58575e-005
  0.000162691   0.000179847  3.41739e-006  5.27076e-005 -3.56899e-006  3.66739e-005   1.5275e-006  2.99134e-005  4.27788e-005  -0.000113935  5.93936e-005            -0  4.86694e-005            -0  3.58314e-005  -7.0798e-005  -0.000136323  5.47534e-005            -0  4.26416e-005            -0  3.28009e-005  -0.000141596            -0  5.47534e-005            -0  4.26416e-005            -0  3.28009e-005  -6.4724e-005   0.000122625    5.783e-005            -0  4.49141e-005            -0  3.28009e-005  5.44935e-005   0.000124213  5.59055e-005 -1.72963e-006   4.6726e-005  3.53001e-006  3.58314e-005    0.00016293
 6.77691e-006  7.49156e-006  1.42352e-007  2.19554e-006 -1.48667e-007   1.5275e-006  6.36348e-008  1.24605e-006  1.78196e-006 -4.74597e-006  2.47405e-006            -0  2.02733e-006            -0  1.49256e-006  -2.9491e-006 -5.67857e-006  2.28076e-006            -0  1.77624e-006            -0  1.36633e-006  -5.8982e-006            -0  2.28076e-006            -0  1.77624e-006            -0  1.36633e-006 -2.69609e-006  5.10796e-006  2.40892e-006            -0  1.87091e-006            -0  1.36633e-006  2.26994e-006  5.17411e-006  2.32875e-006 -7.20481e-008  1.94638e-006  1.47043e-007  1.49256e-006   6.7869e-006
  0.000132713   0.000146709  2.78771e-006  4.29957e-005 -2.91137e-006  2.99134e-005  1.24605e-006   2.4404e-005  3.48964e-005 -9.29413e-005  4.84498e-005            -0  3.97016e-005            -0  2.92291e-005 -5.77528e-005  -0.000111204  4.46646e-005            -0  3.47845e-005            -0   2.6757e-005  -0.000115506            -0  4.46646e-005            -0  3.47845e-005            -0   2.6757e-005  -5.2798e-005    0.00010003  4.71743e-005            -0  3.66383e-005            -0   2.6757e-005  4.44526e-005   0.000101326  4.56044e-005 -1.41093e-006  3.81163e-005  2.87957e-006  2.92291e-005   0.000132909
  0.000189792   0.000209806  3.98667e-006  6.14877e-005 -4.16352e-006  4.27788e-005  1.78196e-006  3.48964e-005  4.99099e-005  -0.000132914  6.92875e-005            -0  5.67768e-005            -0  4.18002e-005 -8.25916e-005  -0.000159032  6.38743e-005            -0  4.97449e-005            -0  3.82649e-005  -0.000165183            -0  6.38743e-005            -0  4.97449e-005            -0  3.82649e-005 -7.55058e-005   0.000143052  6.74635e-005            -0   5.2396e-005            -0  3.82649e-005  6.35711e-005   0.000144905  6.52183e-005 -2.01776e-006  5.45097e-005  4.11804e-006  4.18002e-005   0.000190072
 -0.000505482  -0.000558787 -1.06179e-005  -0.000163763  1.10889e-005  -0.000113935 -4.74597e-006 -9.29413e-005  -0.000132914   0.000354032  -0.000184537             0  -0.000151216             0  -0.000111329    0.00021997   0.000423558  -0.000170119             0  -0.000132488             0  -0.000101913    0.00043994             0  -0.000170119             0  -0.000132488             0  -0.000101913   0.000201098  -0.000380997  -0.000179679             0  -0.000139549             0  -0.000101913  -0.000169312  -0.000385931  -0.000173699  5.37399e-006  -0.000145178 -1.09678e-005  -0.000111329  -0.000506227
  0.000263505   0.000291293  5.53505e-006  8.53689e-005 -5.78059e-006  5.93936e-005  2.47405e-006  4.84498e-005  6.92875e-005  -0.000184537  9.62077e-005            -0  7.88283e-005            -0   5.8035e-005  -0.000114669  -0.000220799  8.86824e-005            -0  6.90654e-005            -0  5.31267e-005  -0.000229339            -0  8.86824e-005            -0  6.90654e-005            -0  5.31267e-005  -0.000104832   0.000198612  9.36656e-005            -0   7.2746e-005            -0  5.31267e-005  8.82615e-005   0.000201184  9.05485e-005 -2.80143e-006  7.56808e-005  5.71745e-006   5.8035e-005   0.000263894
           -0            -0            -0            -0             0            -0            -0            -0            -0             0            -0             0            -0             0            -0             0             0            -0             0            -0             0            -0             0             0            -0             0            -0             0            -0             0            -0            -0             0            -0             0            -0            -0            -0            -0             0            -0            -0            -0            -0
  0.000215926   0.000238696  4.53563e-006  6.99544e-005 -4.73683e-006  4.86694e-005  2.02733e-006  3.97016e-005  5.67768e-005  -0.000151216  7.88283e-005            -0  6.46013e-005            -0   4.7556e-005 -9.39643e-005  -0.000180931  7.26697e-005            -0  5.65947e-005            -0   4.3534e-005  -0.000187929            -0  7.26697e-005            -0  5.65947e-005            -0   4.3534e-005 -8.59029e-005    0.00016275  7.67531e-005            -0  5.96108e-005            -0   4.3534e-005  7.23247e-005   0.000164858  7.41988e-005  -2.2956e-006  6.20156e-005  4.68509e-006   4.7556e-005   0.000216244
           -0            -0            -0            -0             0            -0            -0            -0            -0             0            -0             0            -0             0            -0             0             0            -0             0            -0             0            -0             0             0            -0             0            -0             0            -0             0            -0            -0             0            -0             0            -0            -0            -0            -0             0            -0            -0            -0            -0
  0.000158969   0.000175733  3.33922e-006  5.15019e-005 -3.48735e-006  3.58314e-005  1.49256e-006  2.92291e-005  4.18002e-005  -0.000111329   5.8035e-005            -0   4.7556e-005            -0  3.50152e-005 -6.91785e-005  -0.000133205  5.35009e-005            -0  4.16662e-005            -0  3.20506e-005  -0.000138357            -0  5.35009e-005            -0  4.16662e-005            -0  3.20506e-005 -6.32435e-005    0.00011982  5.65072e-005            -0  4.38867e-005            -0  3.20506e-005   5.3247e-005   0.000121372  5.46267e-005 -1.69007e-006  4.56572e-005  3.44926e-006  3.50117e-005   0.000159203
 -0.000314102  -0.000347225 -6.59785e-006  -0.000101761  6.89053e-006  -7.0798e-005  -2.9491e-006 -5.77528e-005 -8.25916e-005    0.00021997  -0.000114669             0 -9.39643e-005             0 -6.91785e-005   0.000136701   0.000263195  -0.000105711             0 -8.23268e-005             0 -6.33276e-005   0.000273374             0  -0.000105711             0 -8.23268e-005             0 -6.33276e-005   0.000124961  -0.000236748  -0.000111651             0 -8.67142e-005             0 -6.33276e-005  -0.000105209  -0.000239814  -0.000107935  3.33934e-006 -9.02124e-005 -6.81527e-006 -6.91785e-005  -0.000314564
 -0.000604811   -0.00066859 -1.27043e-005  -0.000195943  1.32679e-005  -0.000136323 -5.67857e-006  -0.000111204  -0.000159032   0.000423558  -0.000220799             0  -0.000180931             0  -0.000133205   0.000263195   0.000506839  -0.000203548             0  -0.000158522             0  -0.000121939    0.00052639             0  -0.000203548             0  -0.000158522             0  -0.000121939   0.000240615  -0.000455864  -0.000214986             0   -0.00016697             0  -0.000121939  -0.000202582  -0.000461768  -0.000207831  6.42999e-006  -0.000173706  -1.3123e-005  -0.000133205  -0.000605702
  0.000242918   0.000268535  5.10261e-006  7.86992e-005 -5.32896e-006  5.47534e-005  2.28076e-006  4.46646e-005  6.38743e-005  -0.000170119  8.86824e-005            -0  7.26697e-005            -0  5.35009e-005  -0.000105711  -0.000203548  8.17621e-005            -0  6.36695e-005            -0   4.8976e-005  -0.000211421            -0  8.17539e-005            -0  6.36695e-005            -0   4.8976e-005 -9.66414e-005   0.000183095  8.63478e-005            -0  6.70626e-005            -0   4.8976e-005  8.13659e-005   0.000185466  8.34742e-005 -2.58256e-006   6.9768e-005  5.27076e-006  5.35009e-005   0.000243276
           -0            -0            -0            -0             0            -0            -0            -0            -0             0            -0             0            -0             0            -0             0             0            -0             0            -0             0            -0             0             0            -0             0            -0             0            -0             0            -0            -0             0            -0             0            -0            -0            -0            -0             0            -0            -0            -0            -0
  0.000189184   0.000209134  3.97389e-006  6.12905e-005 -4.15017e-006  4.26416e-005  1.77624e-006  3.47845e-005  4.97449e-005  -0.000132488  6.90654e-005            -0  5.65947e-005            -0  4.16662e-005 -8.23268e-005  -0.000158522  6.36695e-005            -0  4.95904e-005            -0  3.81423e-005  -0.000164654            -0  6.36695e-005            -0  4.95854e-005            -0  3.81423e-005 -7.52638e-005   0.000142593  6.72472e-005            -0   5.2228e-005            -0  3.81423e-005  6.33673e-005    0.00014444  6.50092e-005 -2.01129e-006   5.4335e-005  4.10484e-006  4.16662e-005   0.000189462
